0	-2048	2	0.693147180559945286
1	-2044	0	-62267.4020142127265
2	-2040	2039.41818571390036	7.62041984307870734
3	-2036	4050.19266256544233	8.30651972997293342
4	-2032	1073012.14035449526	13.8859803359518992
5	-2028	4282074.91020638309	15.2699482421885477
6	-2024	370293832.324415267	19.7298073898564326
7	-2020	2158902405.84365034	21.4928657840500819
8	-2016	101922308048.347427	25.347476674200152
9	-2012	779156716820.951782	27.3814780395041453
10	-2008	23056450348342.7656	30.7689666877995478
11	-2004	205605985145388.656	32.9569827597151743
12	-2000	4511133961398616	36.0453249495039927
13	-1996	45565891086312728	38.3579358290444361
14	-1992	796632646347318016	41.2191700469265925
15	-1988	8.42266250780443443e+18	43.5774576644907938
16	-1984	1.26652144150057452e+20	46.2879759799252497
17	-1980	1.40391454249436683e+21	48.693551389456843
18	-1976	1.84248189677812811e+22	51.2679855655442225
19	-1972	2.00346317432877708e+23	53.6543344091187464
20	-1968	2.45286297382762145e+24	56.159298134924029
21	-1964	2.66883002288975727e+25	58.5462675075541483
22	-1960	3.05388583836763755e+26	60.9836272429238306
23	-1956	3.24708550590341199e+27	63.3475553374300944
24	-1952	3.54889164750530089e+28	65.7390179466019617
25	-1948	3.70688323149353482e+29	68.0851591210375773
26	-1944	3.87712777499272814e+30	70.4326474051486002
27	-1940	3.93906677167383996e+31	72.7510817180882441
28	-1936	4.00057509469801368e+32	75.0691611002694117
29	-1932	3.98563009677972637e+33	77.3680034856806742
30	-1928	3.91806047201686963e+34	79.6534899156104075
31	-1924	3.77735056146249406e+35	81.9195011090050684
32	-1920	3.63471422291609979e+36	84.1835938375006663
33	-1916	3.44038602576298967e+37	86.431232122660731
34	-1912	3.21139504348660009e+38	88.66493896949396
35	-1908	2.97131658971937702e+39	90.8898237775574671
36	-1904	2.70386395843938615e+40	93.098085565448855
37	-1900	2.45297772606682004e+41	95.3032914977084147
38	-1896	2.20751664770164557e+42	97.5004421006451594
39	-1892	1.96421358538640488e+43	99.6862509529601084
40	-1888	1.71402572384582162e+44	101.852588919879054
41	-1884	1.49208031548622394e+45	104.016500515819644
42	-1880	1.27782992815699911e+46	106.164077548266505
43	-1876	1.08639030644883612e+47	108.304359925867175
44	-1872	9.16119327833702086e+47	110.436475811482524
45	-1868	7.68826672936296715e+48	112.563779829026316
46	-1864	6.38271986921249822e+49	114.680263875008677
47	-1860	5.29845197372894257e+50	116.796669347168063
48	-1856	4.37491560217720633e+51	118.907726971388911
49	-1852	3.54638999249910181e+52	121.000355018259143
50	-1848	2.87796231148266901e+53	123.094092441679095
51	-1844	2.29879174972130275e+54	125.171978680373286
52	-1840	1.83761827817355434e+55	127.250650433779811
53	-1836	1.44592886585564765e+56	129.31351713645563
54	-1832	1.13212658422133121e+57	131.371448097706889
55	-1828	8.84036377781402477e+57	133.426678327799891
56	-1824	6.82980735409083645e+58	135.47123186099634
57	-1820	5.22982808369975942e+59	137.506898892999743
58	-1816	4.02845687428055686e+60	139.548488972664927
59	-1812	3.04511462732050578e+61	141.571229217530345
60	-1808	2.31497262235085948e+62	143.599673626900767
61	-1804	1.73886773732456635e+63	145.616095034361933
62	-1800	1.30010580108615555e+64	147.627891598225688
63	-1796	9.62425401416036381e+64	149.629732323766802
64	-1792	7.100515262666177e+65	151.628198398233508
65	-1788	5.19677293419675096e+66	153.61865398097143
66	-1784	3.82297491707675022e+67	155.614230124236201
67	-1780	2.77397608057040231e+68	157.596068022729014
68	-1776	2.00627259694895592e+69	159.574649987698649
69	-1772	1.43004654832516636e+70	161.538663504601573
70	-1768	1.03156145829151591e+71	163.514615235806559
71	-1764	7.34287371416567136e+71	165.477271882773493
72	-1760	5.15991462408587301e+72	167.427046729208087
73	-1756	3.65723800477411846e+73	169.385420007587527
74	-1752	2.56255324364228122e+74	171.332301003814791
75	-1748	1.79953551351025973e+75	173.281410558105563
76	-1744	1.24246278075132395e+76	175.213562590957736
77	-1740	8.67401728663172522e+76	177.156799105883692
78	-1736	6.00241032008310535e+77	179.091213269115542
79	-1732	4.13694211936228484e+78	181.021594149948214
80	-1728	2.82786298579907374e+79	182.943743644238566
81	-1724	1.91609659823952314e+80	184.857097534419154
82	-1720	1.30338692063997509e+81	186.774358732582186
83	-1716	8.78043462232207631e+81	188.681918440342997
84	-1712	5.90880756355493124e+82	190.588421670676325
85	-1708	3.99033554944251454e+83	192.498438043476199
86	-1704	2.65378134024483949e+84	194.393133355260943
87	-1700	1.77451825284647907e+85	196.293261883736704
88	-1696	1.18207968325314795e+86	198.189593328119372
89	-1692	7.81844339407586791e+86	200.078803477765177
90	-1688	5.15303568840029091e+87	201.964489085556124
91	-1684	3.38902457285838321e+88	203.848030326844309
92	-1680	2.22117506517441379e+89	205.728109640956973
93	-1676	1.44425243686869194e+90	207.600250212432002
94	-1672	9.43990243936742126e+90	209.477604014755343
95	-1668	6.09706136228887951e+91	211.343050373674487
96	-1664	3.92044280864449794e+92	213.204033164263819
97	-1660	2.52806584637223003e+93	215.067868171216105
98	-1656	1.61781157562968144e+94	216.924073098183726
99	-1652	1.03842311944501825e+95	218.783287165642832
100	-1648	6.67271338466183096e+95	220.643610415936564
101	-1644	4.23425234372382496e+96	222.491375697733019
102	-1640	2.69892103684071985e+97	224.34360609758005
103	-1636	1.70358871361029007e+98	226.186076147438143
104	-1632	1.07498681452728475e+99	228.028232602358912
105	-1628	6.81738638898412546e+99	229.875400377393817
106	-1624	4.28621611052295017e+100	231.713913617611979
107	-1620	2.66330806117791853e+101	233.540663374544238
108	-1616	1.6760730553204975e+102	235.38013307559595
109	-1612	1.03141011684112303e+103	237.19719148981676
110	-1608	6.42826960307238989e+103	239.026969967366313
111	-1604	4.01206283827797557e+104	240.858155203939532
112	-1600	2.4939334756981852e+105	242.685295937539195
113	-1596	1.53980972569196231e+106	244.505678711415385
114	-1592	9.44883798775710416e+106	246.319911627055262
115	-1588	5.81352134469642401e+107	248.136791421056842
116	-1584	3.54171542770309794e+108	249.94380123722658
117	-1580	2.1528283814416064e+109	251.748557640195941
118	-1576	1.3141745905998602e+110	253.557569010139559
119	-1572	7.99230067693344557e+110	255.362838892222499
120	-1568	4.85109978669014736e+111	257.166150761724566
121	-1564	2.92095044498970742e+112	258.961439473510836
122	-1560	1.75800438153003319e+113	260.756294799924945
123	-1556	1.06122914299290062e+114	262.554128406525706
124	-1552	6.38798137645316677e+114	264.349118916274165
125	-1548	3.84878052234977415e+115	266.145042044998263
126	-1544	2.30319714356497592e+116	267.934169007421588
127	-1540	1.37046573206536656e+117	269.717606512786006
128	-1536	8.16023546869886511e+117	271.501728905321215
129	-1532	4.84019578153482798e+118	273.281996143938159
130	-1528	2.87898339634227436e+119	275.065063310743426
131	-1524	1.70916184877737563e+120	276.84621426272497
132	-1520	1.01292350678481603e+121	278.625636963130091
133	-1516	5.98855182142123222e+121	280.402645869136904
134	-1512	3.51790554342883925e+122	282.173247141719912
135	-1508	2.06247593204225051e+123	283.941873608113383
136	-1504	1.20744478532783025e+124	285.709057910324191
137	-1500	7.10110088072573576e+124	287.480801356912707
138	-1496	4.13657459777489812e+125	289.24300467777357
139	-1492	2.43923709788067128e+126	291.017407042862033
140	-1488	1.42076106433931465e+127	292.779499499083613
141	-1484	8.28598001117033196e+127	294.542871741534327
142	-1480	4.82754658189688389e+128	296.305230287791346
143	-1476	2.81775679141848859e+129	298.069418100596522
144	-1472	1.62458554736396559e+130	299.821314824701403
145	-1468	9.43619815410541908e+130	301.580615250350093
146	-1464	5.47663671663329134e+131	303.339138356925105
147	-1460	3.16882935578382834e+132	305.094594506503199
148	-1456	1.83114209365691962e+133	306.848757235289668
149	-1452	1.05529045471109795e+134	308.600218502760981
150	-1448	6.07178222188529959e+134	310.350054634691332
151	-1444	3.50353417179453082e+135	312.102759776593302
152	-1440	2.01994890330795528e+136	313.854644862891291
153	-1436	1.16028242358727802e+137	315.602821184278582
154	-1432	6.63020335272531294e+137	317.345793215514277
155	-1428	3.79595226441868935e+138	319.090678138614749
156	-1424	2.1803523223694958e+139	320.83881440568075
157	-1420	1.24549010553746262e+140	322.5814421306859
158	-1416	7.0881324892278208e+140	324.320334924341296
159	-1412	4.03489864376276986e+141	326.059479294301127
160	-1408	2.2837645690639299e+142	327.792908413292025
161	-1404	1.29624828072010094e+143	329.529142452360247
162	-1400	7.35688674405034278e+143	331.265305144668673
163	-1396	4.16956020046805402e+144	333.000063953877543
164	-1392	2.38198857057250172e+145	334.742774156809901
165	-1388	1.34661442729859714e+146	336.475017188073252
166	-1384	7.60240468287367071e+146	338.205888180018519
167	-1380	4.30333191625892355e+147	339.939398257018183
168	-1376	2.41945751852801749e+148	341.666137112260913
169	-1372	1.36702546924006912e+149	343.39781604516611
170	-1368	7.66018174977624143e+149	345.121214566708659
171	-1364	4.32568175244444316e+150	346.852333707691287
172	-1360	2.42551514903986095e+151	348.576392976523493
173	-1356	1.36110310015653601e+152	350.301229609132861
174	-1352	7.64768256341162012e+152	352.027336804152583
175	-1348	4.25778517393106978e+153	353.744268340946292
176	-1344	2.37731426726213155e+154	355.464075712443446
177	-1340	1.32491263567128612e+155	357.182035935999011
178	-1336	7.41366311587173113e+155	358.904014078856562
179	-1332	4.12598825554271629e+156	360.620580075265025
180	-1328	2.28405620350989289e+157	362.331812499047373
181	-1324	1.26365964533100587e+158	364.042456684590434
182	-1320	7.04900576148994911e+158	365.761331273199175
183	-1316	3.91194024167481536e+159	367.475063262463664
184	-1312	2.15935846660220668e+160	369.183426050425624
185	-1308	1.18873533442900354e+161	370.889089969874476
186	-1304	6.5388413320073741e+161	372.59395995545492
187	-1300	3.60758319201269725e+162	374.301823137284373
188	-1296	1.98218970290088985e+163	376.0055723022233
189	-1292	1.08504891725607276e+164	377.705580322028254
190	-1288	5.93081821425835269e+164	379.404117433310603
191	-1284	3.22986675973341002e+165	381.098981229544734
192	-1280	1.77257199316612237e+166	382.801557032347773
193	-1276	9.65143226554065514e+166	384.496231762648677
194	-1272	5.23871883390456115e+167	386.187787501097773
195	-1268	2.83530294209322668e+168	387.876444412351702
196	-1264	1.54409102689660359e+169	389.571316121102427
197	-1260	8.30243820567570633e+169	391.253429947377299
198	-1256	4.45123531159197514e+170	392.932647464753245
199	-1252	2.39171755021799886e+171	394.614062650085543
200	-1248	1.27596092941126472e+172	396.288335559846018
201	-1244	6.83649263388367383e+172	397.966910822273348
202	-1240	3.64954102145455372e+173	399.64182250011072
203	-1236	1.94424325392960255e+174	401.314679009796237
204	-1232	1.03484906480187289e+175	402.986646858931636
205	-1228	5.46460200432119041e+175	404.650682566643809
206	-1224	2.8883444031139799e+176	406.315659834028338
207	-1220	1.52380456339718369e+177	407.978771669746493
208	-1216	7.99688388831652359e+177	409.63661341178522
209	-1212	4.19412136446098558e+178	411.293830422640895
210	-1208	2.18841037344496627e+179	412.945907069326495
211	-1204	1.14762159081789325e+180	414.603008357764338
212	-1200	5.98548266304826587e+180	416.254653720141505
213	-1196	3.111141861884717e+181	417.902891648889636
214	-1192	1.61209563758459293e+182	419.548021895767306
215	-1188	8.31328712387478297e+182	421.18834201800928
216	-1184	4.28176799331992091e+183	422.82743802476034
217	-1180	2.19488790145874045e+184	424.461788086176966
218	-1176	1.12673656268872707e+185	426.097567660690402
219	-1172	5.7431259030884786e+185	427.72624584841833
220	-1168	2.92304437349155381e+186	429.353452963710879
221	-1164	1.48098184817185e+187	430.97611766862974
222	-1160	7.49980725943966113e+187	432.598289711357211
223	-1156	3.78771751788262421e+188	434.217761082531069
224	-1152	1.91410871891543504e+189	435.837834669233416
225	-1148	9.57972052639397594e+189	437.448230994821643
226	-1144	4.79410800054088873e+190	439.058555332900141
227	-1140	2.39573701452456313e+191	440.667443675876711
228	-1136	1.1984078663490017e+192	442.277331752658938
229	-1132	5.94902967988403581e+192	443.879565982104396
230	-1128	2.95384794506654971e+193	445.482031656385516
231	-1124	1.45763081173669663e+194	447.078320426822756
232	-1120	7.1590753113776129e+194	448.669888867021655
233	-1116	3.5063879481728367e+195	450.258679566861247
234	-1112	1.72098071348212855e+196	451.849572537423228
235	-1108	8.34483703526206868e+196	453.428321255327319
236	-1104	4.06773807114705333e+197	455.012350408316706
237	-1100	1.9701365050433581e+198	456.589951245070552
238	-1096	9.55488723009145014e+198	458.168901188255404
239	-1092	4.60805179178060105e+199	459.742238668681239
240	-1088	2.21677094360008832e+200	461.313070205927943
241	-1084	1.06443348928738069e+201	462.882046414495562
242	-1080	5.09510930200083936e+201	464.447884811044787
243	-1076	2.42790987976327492e+202	466.009219540239428
244	-1072	1.15953808125826609e+203	467.572795597792719
245	-1068	5.48739879627640966e+203	469.127228213430499
246	-1064	2.60382224887782493e+204	470.684339432002162
247	-1060	1.22560585632766055e+205	472.233379362107371
248	-1056	5.77838261078308113e+205	473.784067882181262
249	-1052	2.70075144875167713e+206	475.326059205413912
250	-1048	1.25733378034573108e+207	476.864107681394671
251	-1044	5.83381708841611511e+207	478.398785768033122
252	-1040	2.69293113679182103e+208	479.928329585076426
253	-1036	1.23996731443218847e+209	481.4553694556962
254	-1032	5.67491611475144367e+209	482.97634021747217
255	-1028	2.59880593867765956e+210	484.497921613932704
256	-1024	1.18648378130645081e+211	486.016448749185656
257	-1020	5.38952329837876799e+211	487.529911560894107
258	-1016	2.44078572019853936e+212	489.04035971868143
259	-1012	1.10155793000214167e+213	490.547350285531138
260	-1008	4.96191580569276492e+213	492.05241672504053
261	-1004	2.22585536651993822e+214	493.553351176858996
262	-1000	9.97735434214227792e+214	495.053527859927271
263	-996	4.44233282028517727e+215	496.546974642158602
264	-992	1.98160232198401641e+216	498.042285857678507
265	-988	8.75692300605530456e+216	499.528224674941157
266	-984	3.85938121935986243e+217	501.011472044468974
267	-980	1.69146339009560653e+218	502.489144338251208
268	-976	7.44867919691423654e+218	503.971587000371073
269	-972	3.2426912702094932e+219	505.442538989664172
270	-968	1.41126619039859229e+220	506.91320776748762
271	-964	6.13176155728922585e+220	508.38220253396139
272	-960	2.63701222887338759e+221	509.840952096463297
273	-956	1.13632961657656766e+222	511.301694078327273
274	-952	4.86901472792544598e+222	512.756782246709918
275	-948	2.08059210908842179e+223	514.209128258706187
276	-944	8.83371504223173519e+223	515.65505139339075
277	-940	3.74588750398923881e+224	517.099719403267954
278	-936	1.57001399698940445e+225	518.53273045826063
279	-932	6.59289046831473535e+225	519.967637790323352
280	-928	2.75726007707613522e+226	521.398468477607821
281	-924	1.15229047214586746e+227	522.828567786098574
282	-920	4.78407496217400424e+227	524.252108795524691
283	-916	1.97727841506503342e+228	525.671122563959216
284	-912	8.14574562063774654e+228	527.086896983862971
285	-908	3.33620115646621083e+229	528.496819077015971
286	-904	1.36238275374653622e+230	529.903806580186938
287	-900	5.54341288458487088e+230	531.307181743861292
288	-896	2.22946245100678322e+231	532.698916984678362
289	-892	9.00570703116174646e+231	534.095014972568606
290	-888	3.61079840053566565e+232	535.483670486093615
291	-884	1.44226141118747252e+233	536.868538973809336
292	-880	5.76237628254562287e+233	538.253676606298541
293	-876	2.29116462107484486e+234	539.633972017050837
294	-872	9.06634877861700499e+234	541.009481383443926
295	-868	3.57645212828134662e+235	542.381868137003039
296	-864	1.40486179026054421e+236	543.750020874620532
297	-860	5.48480119825335684e+236	545.112062795044039
298	-856	2.12819327765011847e+237	546.467940432907199
299	-852	8.25862612524840796e+237	547.823925284625147
300	-848	3.18490685912065024e+238	549.173675177575205
301	-844	1.22795209336207848e+239	550.523185042620753
302	-840	4.6891012576260574e+239	551.863078160167788
303	-836	1.78025324399261673e+240	553.197177944661235
304	-832	6.74554621454068058e+240	554.529304785610293
305	-828	2.53987424917625012e+241	555.855121983171557
306	-824	9.54984781496972745e+241	557.179532630325411
307	-820	3.57518184301027596e+242	558.499608544589137
308	-816	1.33001778646997126e+243	559.813369912983035
309	-812	4.91010021929455832e+243	561.119471950412844
310	-808	1.82395379450258405e+244	562.431769249917124
311	-804	6.70998183680070061e+244	563.734358934641932
312	-800	2.4602578208236622e+245	565.033613933206652
313	-796	8.95585248818217246e+245	566.325655011416529
314	-792	3.25021928780690779e+246	567.614655343772029
315	-788	1.17284175329099484e+247	568.897947622419451
316	-784	4.2240144725948708e+247	570.179303942204569
317	-780	1.50730511921053012e+248	571.451426429630374
318	-776	5.385608508237303e+248	572.724833367348765
319	-772	1.90449849328583165e+249	573.987906871319865
320	-768	6.71148007500763577e+249	575.247507659674739
321	-764	2.35362910485545363e+250	576.502231685401057
322	-760	8.22046407726143393e+250	577.752899913073634
323	-756	2.86013002702218037e+251	578.999725429297541
324	-752	9.85443169101894816e+251	580.236779613376711
325	-748	3.40059801967361308e+252	581.475394738794421
326	-744	1.16657949893103282e+253	582.708104489327525
327	-740	3.96838109359465871e+253	583.932386754036997
328	-736	1.34870729769649873e+254	585.155760196925257
329	-732	4.56918656321932315e+254	586.375948814631556
330	-728	1.53133872399471161e+255	587.585341049314593
331	-724	5.13123453045670623e+255	588.794544992924784
332	-720	1.70675948671461394e+256	589.99638034212694
333	-716	5.66848840314466903e+256	591.196706293107127
334	-712	1.87132925976460549e+257	592.391017911912058
335	-708	6.12979379155896768e+257	593.57753000962839
336	-704	2.00600261315593712e+258	594.76309798467264
337	-700	6.51133094032995879e+258	595.940497873307322
338	-696	2.10051849457102099e+259	597.11172330188856
339	-692	6.75086239006681603e+259	598.279209343672846
340	-688	2.15680893882408164e+260	599.4407539646636
341	-684	6.85436405718827208e+260	600.59700971651182
342	-680	2.16971526597343172e+261	601.749305216551875
343	-676	6.83520214129610031e+261	602.896795315624331
344	-672	2.13411162172316918e+262	604.035344822288607
345	-668	6.66001175661602232e+262	605.17341561424837
346	-664	2.0672723717994911e+263	606.306109501005267
347	-660	6.38578173658077166e+263	607.433953372717951
348	-656	1.96519941658287241e+264	608.558058274866198
349	-652	5.9914080533856948e+264	609.672791002274607
350	-648	1.81050941961221537e+265	610.778657896400546
351	-644	5.48785606883407623e+265	611.887587306977366
352	-640	1.64744904006743503e+266	612.986862791658496
353	-636	4.93282019411775367e+266	614.083545608402346
354	-632	1.46208508508932626e+267	615.170083386779879
355	-628	4.31142226264074122e+267	616.251487670422648
356	-624	1.26599759191163844e+268	617.32866534400091
357	-620	3.6946731619212908e+268	618.399697018743609
358	-616	1.07606649082358566e+269	619.468702269674395
359	-612	3.10607438160421102e+269	620.5287496875535
360	-608	8.91657562123981151e+269	621.583301989317988
361	-604	2.5400368919427292e+270	622.630153713704203
362	-600	7.23359298553466845e+270	623.676710976244067
363	-596	2.04574841152588472e+271	624.716323895336245
364	-592	5.77191432063729114e+271	625.753563998223399
365	-588	1.61534357269308249e+272	626.782692966939067
366	-584	4.47864359658146885e+272	627.80246552634344
367	-580	1.23772729745634886e+273	628.819007260681246
368	-576	3.41496770381030337e+273	629.833898423195933
369	-572	9.32856225613230446e+273	630.838811291338061
370	-568	2.53020946504673136e+274	631.836617572189425
371	-564	6.8360135354526619e+274	632.830520225645159
372	-560	1.83492823600414056e+275	633.817905945659732
373	-556	4.92154661202746441e+275	634.804523406506632
374	-552	1.30668033108889972e+276	635.780975488902186
375	-548	3.45954318442411984e+276	636.754622219086741
376	-544	9.09404811024617615e+276	637.721105812073802
377	-540	2.37305669804089348e+277	638.680249629498576
378	-536	6.14835483558045786e+277	639.632255298973178
379	-532	1.58641946126604565e+278	640.580135418058489
380	-528	4.07631111501974312e+278	641.523848293305491
381	-524	1.03865657950443291e+279	642.459169072986697
382	-520	2.63842333774158381e+279	643.39142246353731
383	-516	6.6440696403867452e+279	644.314965618730639
384	-512	1.66187617029111217e+280	645.231773225546931
385	-508	4.14166581994939286e+280	646.144924117208575
386	-504	1.02622101314327687e+281	647.052294267297839
387	-500	2.52675016409993606e+281	647.953345088244532
388	-496	6.18929202364987007e+281	648.849231837273692
389	-492	1.50301956368810823e+282	649.736472351432894
390	-488	3.64595821414915818e+282	650.622615439773654
391	-484	8.75316935189054446e+282	651.498412070752238
392	-480	2.09135567978731237e+283	652.369393823624705
393	-476	4.95875330493830045e+283	653.23273567664728
394	-472	1.16869177881926894e+284	654.090051395774935
395	-468	2.74854612104057179e+284	654.94523849892721
396	-464	6.41640558399132076e+284	655.793024493337725
397	-460	1.48226999233249259e+285	656.630326194645022
398	-456	3.40870452133320128e+285	657.463083816648577
399	-452	7.76921432098103492e+285	658.286920545579051
400	-448	1.77237037809517787e+286	659.111654443622683
401	-444	4.00603832153466062e+286	659.927139399529551
402	-440	8.96083218517106548e+286	660.732199696780299
403	-436	1.99430303657895095e+287	661.532216323495959
404	-432	4.4170203013740372e+287	662.327387018085574
405	-428	9.70513512988260494e+287	663.114576829553698
406	-424	2.12029551049823029e+288	663.8960622529994
407	-420	4.58970416701056139e+288	664.668322352648829
408	-416	9.91982453039770225e+288	665.439042014957522
409	-412	2.11810074549560232e+289	666.197611687661265
410	-408	4.50427052958829496e+289	666.952117828608607
411	-404	9.52027316371597204e+289	667.700515417338465
412	-400	2.00487755351202559e+290	668.44525995659933
413	-396	4.17062758435096728e+290	669.17774349260435
414	-392	8.64638165781471921e+290	669.906817896247958
415	-388	1.77142642502620198e+291	670.624047173143481
416	-384	3.60624218963765168e+291	671.334928346754168
417	-380	7.3462608617127717e+291	672.046453518749331
418	-376	1.48099143276720326e+292	672.747558904768084
419	-372	2.95983254789382095e+292	673.439979849339579
420	-368	5.89167492497466422e+292	674.128387479067896
421	-364	1.16769853181287203e+293	674.812466992021655
422	-360	2.29374490085600563e+293	675.487618057013606
423	-356	4.48267579510460114e+293	676.157652391077136
424	-352	8.68548256683126996e+293	676.819085208655451
425	-348	1.66968425852874475e+294	677.472651882053469
426	-344	3.18749423277643181e+294	678.119252441407298
427	-340	6.04981708223597055e+294	678.760045377493952
428	-336	1.14225425323617051e+295	679.395606158257578
429	-332	2.14050915966337152e+295	680.023646159053897
430	-328	3.98036677715010341e+295	680.643976403356646
431	-324	7.35671508979651795e+295	681.258215947033023
432	-320	1.34899180756483223e+296	681.864545030475711
433	-316	2.45675201822831532e+296	682.464027686000918
434	-312	4.43924517990490394e+296	683.055671883703326
435	-308	7.9693212675738919e+296	683.640786854506587
436	-304	1.41770227009158726e+297	684.216810060621356
437	-300	2.51146501389989828e+297	684.788638872982119
438	-296	4.41056586492660176e+297	685.351775614501094
439	-292	7.7108517019690032e+297	685.91040126788721
440	-288	1.33346785301138409e+298	686.458140669346903
441	-284	2.29303509401184422e+298	687.000234020830248
442	-280	3.92178066260453007e+298	687.536903513551806
443	-276	6.64706289632228641e+298	688.064532799602603
444	-272	1.11773965118224779e+299	688.584251282693003
445	-268	1.86836181251927655e+299	689.098004816056346
446	-264	3.09865758357106358e+299	689.603911785365199
447	-260	5.12128841094627705e+299	690.106348855377291
448	-256	8.38109730704108891e+299	690.598921654702281
449	-252	1.3631451551583989e+300	691.08532254207239
450	-248	2.19530023407245767e+300	691.5618467162858
451	-244	3.52261120534381837e+300	692.034730432511424
452	-240	5.60637320479057429e+300	692.499431921125506
453	-236	8.84544842775304469e+300	692.955430922986125
454	-232	1.3867830284699905e+301	693.405099688054179
455	-228	2.15241231661782657e+301	693.844702212096308
456	-224	3.32578172578959115e+301	694.27981774318323
457	-220	5.09455392357738545e+301	694.70628510224924
458	-216	7.74930784629943237e+301	695.125716520429705
459	-212	1.17023714330057913e+302	695.537904499055003
460	-208	1.75202858872493805e+302	695.941472394348239
461	-204	2.60479515729276281e+302	696.338052121878718
462	-200	3.84215025133365374e+302	696.726730255366419
463	-196	5.60989360197268115e+302	697.105229837776278
464	-192	8.13845288857180573e+302	697.477298183323001
465	-188	1.17079544847629003e+303	697.840966565490817
466	-184	1.67608285353393898e+303	698.19974261331663
467	-180	2.38490519149636921e+303	698.552442548752879
468	-176	3.36031154001131231e+303	698.895316867114161
469	-172	4.71009453927646967e+303	699.232991157055949
470	-168	6.55565711203558597e+303	699.563611535311793
471	-164	9.02021779397652336e+303	699.882751656652545
472	-160	1.23526326694798242e+304	700.197152389169787
473	-156	1.67446512084938945e+304	700.501362053633784
474	-152	2.26216320324475371e+304	700.802189795256709
475	-148	3.02579255397273154e+304	701.093041328669642
476	-144	4.02091321305734274e+304	701.377377314449404
477	-140	5.31618103869611129e+304	701.656623465896701
478	-136	6.95513664153090789e+304	701.925348741890048
479	-132	9.038560519289587e+304	702.18736819732294
480	-128	1.16435461266061711e+305	702.440620316148852
481	-124	1.48772449302403805e+305	702.685701129914378
482	-120	1.89075434688629106e+305	702.925429237962817
483	-116	2.37858561219323908e+305	703.154959393621539
484	-112	2.96862302784768561e+305	703.376551581503008
485	-108	3.67230004242418079e+305	703.589271543503855
486	-104	4.51979370942330876e+305	703.796919716478442
487	-100	5.51720848679140612e+305	703.996325386644457
488	-96	6.67226691636394321e+305	704.186413032890414
489	-92	7.99736420852084792e+305	704.367565376640414
490	-88	9.51346848382193033e+305	704.541161892891978
491	-84	1.12295077964281136e+306	704.7069983016263
492	-80	1.3158947181843754e+306	704.86555528450117
493	-76	1.52875220491839304e+306	705.015490306497668
494	-72	1.76979372635765773e+306	705.161901457191561
495	-68	2.02953287525365949e+306	705.29884411203966
496	-64	2.30938827826847977e+306	705.428021131039714
497	-60	2.60599194971799058e+306	705.54885184574232
498	-56	2.91759530370450942e+306	705.661798207045649
499	-52	3.24225577741732509e+306	705.767307771326159
500	-48	3.56879023587430701e+306	705.863265125037287
501	-44	3.9096176529764869e+306	705.954478038431262
502	-40	4.23874152945897929e+306	706.035304872275447
503	-36	4.57749630716092429e+306	706.112190647007083
504	-32	4.88943196882374665e+306	706.178114591122721
505	-28	5.18516310505615827e+306	706.23683975446329
506	-24	5.44706859018795066e+306	706.286116046787356
507	-20	5.67832317150045701e+306	706.327694429041003
508	-16	5.88351515183042732e+306	706.363192854405497
509	-12	6.03916737137189133e+306	706.389304606200312
510	-8	6.1529876889414311e+306	706.4079762231122
511	-4	6.21992487001627198e+306	706.418796284080599
512	0	6.24744900218627492e+306	706.423211676956271
513	4	6.22030711100215481e+306	706.418857736469363
514	8	6.13463734093358692e+306	706.404989419461344
515	12	6.02365809133873416e+306	706.386733187318896
516	16	5.8574700957727572e+306	706.358756242276286
517	20	5.65756512749359461e+306	706.324032066346263
518	24	5.4218252791891676e+306	706.281470982314204
519	28	5.1569305999257021e+306	706.231380013705348
520	32	4.87465058791094444e+306	706.175086883784388
521	36	4.5610043271884417e+306	706.10858130264387
522	40	4.23178254511383859e+306	706.033661765934085
523	44	3.90149645056769532e+306	705.952398640991305
524	48	3.56584686934122862e+306	705.862440032840823
525	52	3.23762810108077796e+306	705.765879450322245
526	56	2.90749809733772587e+306	705.658331407190417
527	60	2.59689288120564159e+306	705.545354140878771
528	64	2.2968800299914022e+306	705.422590149522875
529	68	2.01970299841315454e+306	705.293988926292513
530	72	1.75886666482127059e+306	705.155708117366885
531	76	1.52159033708682051e+306	705.010794518471812
532	80	1.30918449273125383e+306	704.860442874909495
533	84	1.11513084989369518e+306	704.700010208369349
534	88	9.44731312353484589e+305	704.534183738709544
535	92	7.93091364183558264e+305	704.35922160554037
536	96	6.61622188558634851e+305	704.177977858067607
537	100	5.46886443043943129e+305	703.987524358512019
538	104	4.47744281293627427e+305	703.787505445958232
539	108	3.63819073384467576e+305	703.579939870120143
540	112	2.93613983497780275e+305	703.365549100519274
541	116	2.35474293399433176e+305	703.144884927154635
542	120	1.87235314157628241e+305	702.915649367452716
543	124	1.47666626523880336e+305	702.67824038672552
544	128	1.15568827662385665e+305	702.433149440170382
545	132	8.9824201396513748e+304	702.18113761949644
546	136	6.92164122468275919e+304	701.920521182895754
547	140	5.29965654330293441e+304	701.653510285497759
548	144	4.01713068132729592e+304	701.376436157108401
549	148	3.01813552538124948e+304	701.09050753522024
550	152	2.25691056042683767e+304	700.799865139604663
551	156	1.67754844025652394e+304	700.503201736093615
552	160	1.23505037318029307e+304	700.196980027438258
553	164	9.05049190030206241e+303	699.88610228705511
554	168	6.56495871120323943e+303	699.565029395700549
555	172	4.71619398831339647e+303	699.234285293103312
556	176	3.36228848463165125e+303	698.895905015946482
557	180	2.38545843793429716e+303	698.552674500228022
558	184	1.676354534942483e+303	698.199904693246935
559	188	1.17063033172678815e+303	697.840825526000117
560	192	8.11426619389275045e+302	697.474321855188464
561	196	5.58083080902913803e+302	697.100035740018939
562	200	3.81305294041115084e+302	696.719128249169444
563	204	2.58493482440984095e+302	696.330398378850077
564	208	1.73538102815876979e+302	695.93192508626089
565	212	1.15854869708003823e+302	695.527866182805155
566	216	7.6673898001822174e+301	695.115089235783671
567	220	5.05301713515601822e+301	694.698098508597468
568	224	3.29624099376331821e+301	694.270895717621897
569	228	2.13689580039803037e+301	693.837467206598376
570	232	1.37648740336718991e+301	693.397647885562037
571	236	8.78801226366686808e+300	692.94891644823656
572	240	5.58058496668792982e+300	692.49482150185213
573	244	3.50285247374926678e+300	692.029105527282809
574	248	2.1875553029196947e+300	691.558312518478488
575	252	1.35806157619582532e+300	691.081586269618128
576	256	8.35228593140697724e+299	690.595478070856188
577	260	5.10180451348414622e+299	690.102537108541583
578	264	3.08668229762443391e+299	689.60003962922201
579	268	1.85490821653531568e+299	689.090778021098231
580	272	1.10740426931649182e+299	688.574961585880374
581	276	6.57221807497532032e+298	688.053209094287013
582	280	3.88283076844180463e+298	687.526922179342364
583	284	2.27145419364262671e+298	686.990777952552889
584	288	1.3180846319409207e+298	686.446537358642672
585	292	7.60347960608388845e+297	685.896378604651545
586	296	4.35922688108572765e+297	685.340067340017413
587	300	2.47899861387616591e+297	684.775627313138102
588	304	1.4027675568931983e+297	684.206219730855082
589	308	7.88974122599264888e+296	683.630750862837886
590	312	4.40046490745175307e+296	683.04689772236452
591	316	2.43524290621674774e+296	682.45523403394327
592	320	1.33638245213419023e+296	681.855153826953028
593	324	7.28694864920339818e+295	681.248687325001811
594	328	3.93886835261159637e+295	680.633495895148371
595	332	2.1224326531406204e+295	680.015165341974352
596	336	1.13208452317809846e+295	679.386663077355479
597	340	6.01714178013315689e+294	678.75462969946966
598	344	3.17560440922393276e+294	678.115515319586848
599	348	1.6595684685202879e+294	677.466574950100039
600	352	8.60697092061913718e+293	676.810004694343661
601	356	4.43545380134231028e+293	676.147062180520152
602	360	2.26930304117019975e+293	675.47690500128374
603	364	1.15379852064777764e+293	674.80049180793867
604	368	5.82759151831061877e+292	674.117450950623606
605	372	2.92832270048457065e+292	673.429276956201647
606	376	1.45721781990487608e+292	672.73137616920576
607	380	7.2081525418397631e+291	672.027474744201754
608	384	3.5472396809430271e+291	671.318431807638262
609	388	1.73145811420655646e+291	670.601225955368136
610	392	8.41039038553195589e+290	669.879144860387896
611	396	4.0427445193066439e+290	669.146600766063784
612	400	1.93343286817591427e+290	668.408974079371546
613	404	9.2038362156071335e+289	667.666712252379511
614	408	4.34447858129699807e+289	666.915997622490977
615	412	2.04577284843089637e+289	666.16286751437292
616	416	9.572739711735794e+288	665.403426228047465
617	420	4.4268526435143549e+288	664.632195649624919
618	424	2.03304631041431669e+288	663.854042096019839
619	428	9.29390743866181679e+287	663.071280760646914
620	432	4.23333256841866888e+287	662.284911213399027
621	436	1.91809960634472594e+287	661.493256596804713
622	440	8.59749817424478072e+286	660.690807847262477
623	444	3.83033486041633586e+286	659.882288826585864
624	448	1.69772558290887035e+286	659.068626059175585
625	452	7.48181922183776495e+285	658.249227477193926
626	456	3.27878027435398451e+285	657.424222988964175
627	460	1.42881640614650673e+285	656.593597916842555
628	464	6.18156351359505452e+284	655.755737645507907
629	468	2.65186046020689969e+284	654.909427864433383
630	472	1.13159805418301442e+284	654.057797251225566
631	476	4.79434814911734936e+283	653.199019072533702
632	480	2.0206698097412429e+283	652.335010362745379
633	484	8.50764797995090093e+282	651.469961745620822
634	488	3.54881682163493184e+282	650.595610482574557
635	492	1.46713452708273513e+282	649.712307421446894
636	496	6.01822760942784956e+281	648.821203930259799
637	500	2.456220404256011e+281	647.925034878731822
638	504	1.0001251604760085e+281	647.026536283970927
639	508	4.0524049708906448e+280	646.123136563182925
640	512	1.62647912394487811e+280	645.210243670226191
641	516	6.49419374118139295e+279	644.292149452448939
642	520	2.57626296007281039e+279	643.367580829144572
643	524	1.01666689214360671e+279	642.437770469070529
644	528	3.98227628474979878e+278	641.500509438992594
645	532	1.55354628805627269e+278	640.559196097732638
646	536	5.98711134035815133e+277	639.605679808140849
647	540	2.3059155588935777e+277	638.651548562527751
648	544	8.80553184177399419e+276	637.688865808726405
649	548	3.34442110750537376e+276	636.720779282928561
650	552	1.26417807004445441e+276	635.747907830358599
651	556	4.77415957163338749e+275	634.774118525863742
652	560	1.78340167232711867e+275	633.789423165799235
653	564	6.59891181336455556e+274	632.795220239044284
654	568	2.43818984636999426e+274	631.799571378112887
655	572	8.96789106840435198e+273	630.799380926371668
656	576	3.27665937894691491e+273	629.792554808736895
657	580	1.18981802390945593e+273	628.779530761719798
658	584	4.30457779659156271e+272	627.762824354649638
659	588	1.5479343752896817e+272	626.740066675425624
660	592	5.51490298485945732e+271	625.708014262796496
661	596	1.96231515341281699e+271	624.674685178280924
662	600	6.91625980092749428e+270	623.631850240708445
663	604	2.43830445488772214e+270	622.589278010607813
664	608	8.49311907406620415e+269	621.534646330357646
665	612	2.95343568184811811e+269	620.478359146000003
666	616	1.02020452978070183e+269	619.415393141985987
667	620	3.50852134064062754e+268	618.347999600649928
668	624	1.19691641344971778e+268	617.272553516508196
669	628	4.06034129937346266e+267	616.191486863375758
670	632	1.37309492686476969e+267	615.107287092090701
671	636	4.62780278529461876e+266	614.019716931463336
672	640	1.55243199201259531e+266	612.927457464815234
673	644	5.18692558787675244e+265	611.831190792800044
674	648	1.71875146366124349e+265	610.726647777439211
675	652	5.63467739940754718e+264	609.611404446841334
676	656	1.84716878913511133e+264	608.496118633032893
677	660	6.01295425357717555e+263	607.373795641542529
678	664	1.95338073795141046e+263	606.249441040636157
679	668	6.30390641757110887e+262	605.118463871956919
680	672	2.02133671106745388e+262	603.98105339515314
681	676	6.44746091492701678e+261	602.838395668150042
682	680	2.04434612540209299e+261	601.68978726673231
683	684	6.45373618658784444e+260	600.536783395291422
684	688	2.03051648411203755e+260	599.380414364815806
685	692	6.34009320310217723e+259	598.216432554603671
686	696	1.97098790144243801e+259	597.048073975325678
687	700	6.09929270533623946e+258	595.875126806975459
688	704	1.87451579704647208e+258	594.695304376960848
689	708	5.74705794603182544e+257	593.513056961775874
690	712	1.75175945496302552e+257	592.324989585162257
691	716	5.29694584520917251e+256	591.128914205313777
692	720	1.59717991195169942e+256	589.930023325563525
693	724	4.77930210562376873e+255	588.723493246317958
694	728	1.43448149445249628e+255	587.520002169490908
695	732	4.27204772049363571e+254	586.308706892610644
696	736	1.2645110666908988e+254	585.091299159408663
697	740	3.73581024900406502e+253	583.871993256689166
698	744	1.09331302970398752e+253	582.643241090656375
699	748	3.19030360339510307e+252	581.411559520245646
700	752	9.25072009658682005e+251	580.173559738279437
701	756	2.67814187600465775e+251	578.93398156571493
702	760	7.68942591431205837e+250	577.686119375706767
703	764	2.19515227077480672e+250	576.432524664283847
704	768	6.2676958223643192e+249	575.179096950174426
705	772	1.77673023777771107e+249	573.918462885500048
706	776	5.04472095247831483e+248	572.659445403100108
707	780	1.42080936986565096e+248	571.39232975053892
708	784	3.98192170989456088e+247	570.120282513977145
709	788	1.11055809080770089e+247	568.843380643011187
710	792	3.0888074653356462e+246	567.563717959405039
711	796	8.50394212375777691e+245	566.273877618790721
712	800	2.33211747730164763e+245	564.980124426961993
713	804	6.3905845423720449e+244	563.685588432432269
714	808	1.73464056704928313e+244	562.381562916518305
715	812	4.70110209377502838e+243	561.075974566818331
716	816	1.26749697616353934e+243	559.765221668363665
717	820	3.39881194333154065e+242	558.449018446684931
718	824	9.09838062945695301e+241	557.131103856445407
719	828	2.4255790552160242e+241	555.809077693105792
720	832	6.40539363019704897e+240	554.477562708736514
721	836	1.68204791651760641e+240	553.140434367538546
722	840	4.41781019676616109e+239	551.803481368304347
723	844	1.15247874022211237e+239	550.459752274633502
724	848	2.99834418911472395e+238	549.113312331915949
725	852	7.77634730824430314e+237	547.76375376987562
726	856	2.00723198789601286e+237	546.409423692108248
727	860	5.16323651033523542e+236	545.051645560146426
728	864	1.32491397447934014e+236	543.691429479004
729	868	3.37933844718052958e+235	542.325176818252658
730	872	8.63226381255175549e+234	540.960418550253962
731	876	2.18684279309029926e+234	539.587370617271517
732	880	5.51937616557271252e+233	538.210591508031939
733	884	1.38308300491364815e+233	536.826641736508464
734	888	3.45245240497488265e+232	535.438826395155047
735	892	8.59640005957944455e+231	534.048499999524211
736	896	2.12967842265086876e+231	532.65312747466669
737	900	5.26402825058430028e+230	531.255467949391459
738	904	1.29382837880153898e+230	529.852176947475527
739	908	3.17303234589598712e+229	528.44667400229082
740	912	7.73741157532167967e+228	527.035468412519549
741	916	1.88362023277953135e+228	525.622596783519839
742	920	4.54343269696304718e+227	524.200498936654185
743	924	1.09368834270014574e+227	522.776371894360636
744	928	2.63170682611811023e+226	521.351863635660266
745	932	6.27315069672683401e+225	519.917924655557727
746	936	1.49318970722527839e+225	518.482560498596285
747	940	3.53232358971896052e+224	517.041016725779627
748	944	8.35724919246229372e+223	515.599605066658114
749	948	1.96788792175838656e+223	514.153436584354495
750	952	4.62568500815579692e+222	512.70551511454687
751	956	1.08176568414617518e+222	511.252485243559931
752	960	2.52503008516892157e+221	509.797558529258822
753	964	5.83540456202873401e+220	508.332664055706118
754	968	1.34367658159202547e+220	506.864130033136462
755	972	3.089618521179666e+219	505.394182993055438
756	976	7.07869678933707569e+218	503.920640094162081
757	980	1.61744877979218032e+218	502.44440035331354
758	984	3.67454470325137104e+217	500.962394414425944
759	988	8.32263112905240941e+216	499.477358533025836
760	992	1.8825595071702718e+216	497.991012377620791
761	996	4.23372643652005494e+215	496.498877553225611
762	1000	9.49830877140106445e+214	495.004323659421061
763	1004	2.11380923832047106e+214	493.501701546789263
764	1008	4.71063829187193637e+213	492.00044822502241
765	1012	1.04811834390761647e+213	490.497621310831164
766	1016	2.31204712172521107e+212	488.986173046709155
767	1020	5.10433557305573471e+211	487.475544912696932
768	1024	1.11970697945615245e+211	485.958521647335147
769	1028	2.45801861133695291e+210	484.442225111604785
770	1032	5.36927250089464975e+209	482.920976860405062
771	1036	1.17129986238427525e+209	481.3983985613595
772	1040	2.54386965643432328e+208	479.871385751248454
773	1044	5.49125845276869094e+207	478.338271705390071
774	1048	1.18369506539987741e+207	476.803755206943606
775	1052	2.54948966178778731e+206	475.268422363282298
776	1056	5.4501107319133617e+205	473.725579990030383
777	1060	1.1595050330674862e+205	472.177937282205676
778	1064	2.46797903396241326e+204	470.630758581639384
779	1068	5.21062169314655129e+203	469.075473053337191
780	1072	1.10244091626020577e+203	467.522300614000414
781	1076	2.31622272176354509e+202	465.96212650644884
782	1080	4.84154391225278156e+201	464.396837351800059
783	1084	1.01027232119589547e+201	462.829823611260508
784	1088	2.11635699214517721e+200	461.266714809418772
785	1092	4.41444800995141282e+199	459.699316305996035
786	1096	9.1417892348898657e+198	458.124704537869547
787	1100	1.88576508968269492e+198	456.54618203449354
788	1104	3.87286020680221224e+197	454.963256625414942
789	1108	7.97066903027853034e+196	453.382446659685229
790	1112	1.62773306055864336e+196	451.793866513253306
791	1116	3.31432701143005678e+195	450.202347723723506
792	1120	6.72730479802597671e+194	448.60768262851343
793	1124	1.35997961838362586e+194	447.008977753997897
794	1128	2.7519752028563117e+193	445.411241857291316
795	1132	5.57120443283922236e+192	443.81394912111864
796	1136	1.12142439456246697e+192	442.21093751299486
797	1140	2.24561702325152996e+191	440.602733088613604
798	1144	4.48971538133780923e+190	438.992956979156588
799	1148	8.9132490225137006e+189	437.376121399880503
800	1152	1.77662829076996882e+189	435.763299925209139
801	1156	3.53140514997337361e+188	434.147693334103678
802	1160	6.99587943523362909e+187	432.5287337135087
803	1164	1.37234433319945786e+187	430.899932859421824
804	1168	2.70149466595067745e+186	429.27463249671564
805	1172	5.29672015934108439e+185	427.645329995037173
806	1176	1.03322430819602622e+185	426.010926512957667
807	1180	2.01146577107832382e+184	424.374520806552027
808	1184	3.90943834307571187e+183	422.736465735317324
809	1188	7.58804552447341704e+182	421.097060976506327
810	1192	1.46618452426547197e+182	419.453150389672373
811	1196	2.82069031132477136e+181	417.804883478165721
812	1200	5.42329649994044794e+180	416.156020579815959
813	1204	1.04196848130955862e+180	414.506428433538531
814	1208	1.99219609235640677e+179	412.851969240189646
815	1212	3.81777535041107097e+178	411.199814436913584
816	1216	7.27436896586281636e+177	409.541918529153918
817	1220	1.3857576733973477e+177	407.883808506609057
818	1224	2.62544090592174022e+176	406.22022521305189
819	1228	4.98396814742889871e+175	404.558617664457415
820	1232	9.38731078623999985e+174	402.889165041924571
821	1236	1.76939715596464075e+174	401.220445079685305
822	1240	3.33302881302527416e+173	399.5511025320302
823	1244	6.23801818252137336e+172	397.875298527957057
824	1248	1.16628614223651927e+172	396.198460457802867
825	1252	2.18304194618804603e+171	394.522770194293116
826	1256	4.07132206274326754e+170	392.843433586836909
827	1260	7.57516382359681458e+169	391.161755694032763
828	1264	1.40747967131897441e+169	389.478681353808497
829	1268	2.60075791450906346e+168	387.790098531128024
830	1272	4.80728804111078251e+167	386.101843638301943
831	1276	8.89177302250474033e+166	384.414251906753634
832	1280	1.6332446096444888e+166	382.719694031358813
833	1284	3.00853659705874159e+165	381.027994124175166
834	1288	5.48388234501042058e+164	379.325768558264826
835	1292	1.00491120636557842e+164	377.628854436756228
836	1296	1.83709134048944637e+163	375.929553685666178
837	1300	3.35452240996382533e+162	374.229094473601435
838	1304	6.10551987016603108e+161	372.525393230796908
839	1308	1.10881564094701066e+161	370.819492427588557
840	1312	2.01534454311402959e+160	369.114405048967456
841	1316	3.64086490229085445e+159	367.40325104999647
842	1320	6.61528156366278846e+158	365.697827054144
843	1324	1.1930195188794677e+158	363.984932197214221
844	1328	2.15341802185258317e+157	362.272915957451914
845	1332	3.89078813300873172e+156	360.561886249066447
846	1336	7.00081468630987528e+155	358.846715940118884
847	1340	1.26164594410396089e+155	357.133106587411021
848	1344	2.25614052191903308e+154	355.411759940863703
849	1348	4.03761880391063407e+153	353.691174341322039
850	1352	7.20864876327514194e+152	351.968215657354449
851	1356	1.2945424129675914e+152	350.251091418744181
852	1360	2.3090756748680572e+151	348.52719634580717
853	1364	4.13326048621165452e+150	346.806830508590792
854	1368	7.3526753319410795e+149	345.080243093849276
855	1372	1.30388639261490517e+149	343.350528193594073
856	1376	2.30822428988314891e+148	341.619072286368464
857	1380	4.09045976867143067e+147	339.888666046739672
858	1384	7.26132176712830061e+146	338.159985450984095
859	1388	1.27847866449063126e+146	336.423094404817675
860	1392	2.26631511341275116e+145	334.692993698598002
861	1396	4.00050304285447813e+144	332.958673505068873
862	1400	7.03377107722271533e+143	331.220391286493395
863	1404	1.23545860713306534e+143	329.481110541106318
864	1408	2.17221603160376215e+142	327.7428310643445
865	1412	3.81413211389687102e+141	326.003211257935618
866	1416	6.64964371740144261e+140	324.256476296068286
867	1420	1.16079784350728475e+140	322.511020583988284
868	1424	2.02945865104943797e+139	320.767097009302233
869	1428	3.55652483132182056e+138	319.025526730300044
870	1432	6.19994896089693453e+137	317.278698800088023
871	1436	1.08407210241720216e+137	315.534882156134699
872	1440	1.88446947335812302e+136	313.785218981982325
873	1444	3.25931162442909085e+135	312.030503569127177
874	1448	5.67487629106675045e+134	310.282451225401019
875	1452	9.86733360246712553e+133	308.533047033430194
876	1456	1.70716177925725085e+133	306.7786495815526
877	1460	2.95220591395128749e+132	305.023784933568095
878	1464	5.08857460801967519e+131	303.265644935847376
879	1468	8.82234212962902982e+130	301.513349471570109
880	1472	1.52046382272655556e+130	299.755077524067019
881	1476	2.61665949142297668e+129	297.995375497222994
882	1480	4.49916450731875083e+128	296.234783617735957
883	1484	7.77877518131188299e+127	294.479705704332446
884	1488	1.33283337030439433e+127	292.715613840104197
885	1492	2.28118267645330359e+126	290.95041574347124
886	1496	3.90174880766453963e+125	289.184561489106272
887	1500	6.68957055052836083e+124	287.421101210595225
888	1504	1.13272344643196411e+124	285.645176393867587
889	1508	1.93221528207239293e+123	283.876633597494219
890	1512	3.27600663892463566e+122	282.102006537796115
891	1516	5.53573825250288856e+121	280.324021188498591
892	1520	9.38212457925847098e+120	278.549017397643183
893	1524	1.57423135784051253e+120	276.763978285671328
894	1528	2.64680082715306582e+119	274.980977741957759
895	1532	4.47604064573995675e+118	273.203779844523524
896	1536	7.50047590111890242e+117	271.417422352315043
897	1540	1.25513494746638898e+117	269.629698974968051
898	1544	2.1025512696910057e+116	267.843022284985636
899	1548	3.50848200916442638e+115	266.052469162226771
900	1552	5.8780500767027718e+114	264.26592568862543
901	1556	9.72800870550658535e+113	262.467124728442286
902	1560	1.61448515364591477e+113	260.671131623865222
903	1564	2.67026839314267957e+112	258.871709404469584
904	1568	4.37919827333005745e+111	257.063810987354373
905	1572	7.21456599984991898e+110	255.260462267280673
906	1576	1.17973357120022745e+110	253.449648855210398
907	1580	1.93789204932447259e+109	251.643375946165179
908	1584	3.17771681650711208e+108	249.83535300004587
909	1588	5.17421210084469632e+107	248.020292026878451
910	1592	8.48554777011060129e+106	246.212384311438655
911	1596	1.37830307848326281e+106	244.394872946621035
912	1600	2.22859774889701703e+105	242.57280733990774
913	1604	3.61081477524178226e+104	240.752783117772196
914	1608	5.84752168052580544e+103	238.932282505513285
915	1612	9.3682985125865454e+102	237.101010976315592
916	1616	1.51299002679518333e+102	235.277767328501795
917	1620	2.42344835126283081e+101	233.446285856844042
918	1624	3.87020471262715431e+100	231.611816702366923
919	1628	6.18211695200085026e+99	229.777584968091105
920	1632	9.837771194184774e+98	227.939568294168566
921	1636	1.55905067112327183e+98	226.097416205288027
922	1640	2.46924409078752221e+97	224.254666088105296
923	1644	3.87553248741358363e+96	222.402851996899699
924	1648	6.10173615485309552e+95	220.554157180667971
925	1652	9.54458965153190047e+94	218.698973206759547
926	1656	1.49748634807848473e+94	216.846786675931071
927	1660	2.32157826093007693e+93	214.982660887719248
928	1664	3.61009569822085019e+92	213.121562836648081
929	1668	5.6123907930105017e+91	211.260220257521723
930	1672	8.62063044656724219e+90	209.386816589118098
931	1676	1.32160732055664438e+90	207.511507032395457
932	1680	2.01847243087143433e+89	205.632414279461955
933	1684	3.10337814224498176e+88	203.759979424954508
934	1688	4.73218979717720869e+87	201.879291145087336
935	1692	7.19910004783827157e+86	199.996274022341822
936	1696	1.08738414540747458e+86	198.106092942834948
937	1700	1.64095260833280463e+85	196.215009836436366
938	1704	2.47381217039806639e+84	194.322908161164378
939	1708	3.72285524923251022e+83	192.429053632498835
940	1712	5.52068195945968389e+82	190.520479021550273
941	1716	8.18274643010436481e+81	188.61142037618265
942	1720	1.20684540686190306e+81	186.697402385951136
943	1724	1.79313562130416856e+80	184.790773270608042
944	1728	2.62036510186705467e+79	182.867536006451701
945	1732	3.83304476138379864e+78	180.945296717763995
946	1736	5.58639664387683528e+77	179.019386632324313
947	1740	8.11707801059741181e+76	177.090437306047534
948	1744	1.16884987584057519e+76	175.152487320781802
949	1748	1.67643761299182765e+75	173.210553048134898
950	1752	2.40084423006142168e+74	171.267117319584941
951	1756	3.39734586617237353e+73	169.311706287742709
952	1760	4.79536424062187746e+72	167.353776363612269
953	1764	6.79241298753808887e+71	165.399347854734515
954	1768	9.49070271062130051e+70	163.431269166947459
955	1772	1.32952884269430364e+70	161.46578113544092
956	1776	1.86044827471243868e+69	159.499188883186434
957	1780	2.58087630698260276e+68	157.523915318728541
958	1784	3.56046541773041047e+67	155.543092502237414
959	1788	4.87543252552470896e+66	153.554824961305712
960	1792	6.63522808289657991e+65	151.560424087525462
961	1796	8.9879353190665052e+64	149.56132910955057
962	1800	1.22282716985811176e+64	147.566611481786822
963	1804	1.63494640057438489e+63	145.554470879913424
964	1808	2.16986079324524487e+62	143.534938780547236
965	1812	2.89609858930469629e+61	141.521055189848994
966	1816	3.8269540630668985e+60	139.497174782634829
967	1820	4.98295109775025588e+59	137.458542792082881
968	1824	6.45774490665876122e+58	135.41521556484804
969	1828	8.37041029823789093e+57	133.372053204060649
970	1832	1.06372055673517225e+57	131.309123022438143
971	1836	1.36937900467214564e+56	129.259122563482379
972	1840	1.72722412445117837e+55	127.188695682169055
973	1844	2.16981665315177131e+54	125.114237694026087
974	1848	2.71813623924280455e+53	123.036956367970561
975	1852	3.36316279783908744e+52	120.947306675792788
976	1856	4.15604637639461988e+51	118.856403974772547
977	1860	5.10713076541500279e+50	116.759892402173136
978	1864	6.16008039233090922e+49	114.644759384871577
979	1868	7.38134215796520539e+48	112.523039950014208
980	1872	8.84269488517041543e+47	110.401091052175616
981	1876	1.03756857969967273e+47	108.258379442573641
982	1880	1.22566352865215407e+46	106.122396631122683
983	1884	1.42397455466333423e+45	103.969781128645991
984	1888	1.64966893591683465e+44	101.814318714619731
985	1892	1.87330717619264658e+43	99.6388644109974848
986	1896	2.11077391845967758e+42	97.4556285719881998
987	1900	2.34535084663268166e+41	95.2584238182316767
988	1904	2.59182338826636853e+40	93.0557653586874949
989	1908	2.82964870936595399e+39	90.840971199751948
990	1912	3.05290682177229411e+38	88.6143277268420206
991	1916	3.29516983452476022e+37	86.3881061505089747
992	1920	3.4932559156487532e+36	84.1438975762139307
993	1924	3.63316747620293338e+35	81.8805831055651652
994	1928	3.75836539945794624e+34	79.6118772904883372
995	1932	3.83965821559400908e+33	77.3306914250861155
996	1936	3.80881198575930477e+32	75.0200403015624033
997	1940	3.77924432596457186e+31	72.7096619586955057
998	1944	3.73480259971876998e+30	70.3952477555285441
999	1948	3.53332431349742044e+29	68.0372068564902293
1000	1952	3.46977676283182607e+28	65.7164728622447001
1001	1956	3.12264838595752839e+27	63.3084789942513453
1002	1960	2.94721552060085047e+26	60.9480732511292445
1003	1964	2.57809136038668827e+25	58.5116766672144877
1004	1968	2.35657308476148394e+24	56.1192507128725993
1005	1972	1.95986735226765936e+23	53.6323339324007975
1006	1976	1.7710721367188416e+22	51.2284571360360133
1007	1980	1.32960050001510662e+21	48.6391654740582453
1008	1984	1.23290139864004379e+20	46.2610721122036921
1009	1988	8.2118412159326464e+18	43.5521088372479426
1010	1992	777396836817120384	41.1947273443947779
1011	1996	45041410717153512	38.3463586996804224
1012	2000	4443064930198560	36.0301208328019129
1013	2004	203295761056550.875	32.9456829856644617
1014	2008	22785721549238.4492	30.7571552078734385
1015	2012	758425589633.338745	27.3545105289231287
1016	2016	99941643934.5977936	25.3278522919426905
1017	2020	2089270223.15636253	21.4600806664238917
1018	2024	367006844.80460757	19.7208910565386759
1019	2028	4140118.22198692476	15.2362349014292704
1020	2032	1040202.95948740176	13.8549264054308878
1021	2036	4107.73983935448996	8.32062823879823554
1022	2040	2030.35463107126225	7.61596575188741554
1023	2044	0	-62267.4020142127265
1024	2048	1.93700097353297229	0.661140887023066171
